0
0
0.6845809443351841
0.6781763623970378
0.6799114366890557
0.6814538458995233
0.6834082783569841
0.6856904931442311
0.6883120188879049
0.6912430462294452
0.6946291152389737
0.6982586091013183
0.702299168918911
0.7067452428431698
0.7115289067290189
0.7165754180645492
0.7219104102619172
0.7274360580014205
0.7332242875707543
0.739156782235202
0.7451076639091815
0.7512347026347496
0.7573413825377237
0.763417234115619
0.7694351688232619
0.7754201879243958
0.7813392825804479
0.7871648638690442
0.7928642210884379
0.7984105723145505
0.803821142397203
0.8091106203135348
0.8142453571616495
0.8192432394399454
0.8240670348140837
0.8287654545506143
0.8333004563959339
0.8376600121584407
0.8418927501386805
0.8460067511800091
0.8499329589949149
0.8537964719254367
0.8575232114504378
0.8611245579925946
0.8646026948516842
0.867967990215497
0.8711888459677131
0.8743407035670375
0.8774268766753356
