0
0
0.815380200267205
0.8035508531579998
0.7979413557473651
0.7972540341840256
0.7971327409518172
0.7975618912763801
0.7983625316147961
0.7996358743282475
0.8013631570546444
0.8034082290018593
0.8057794321192392
0.8084138908532035
0.8113110678715817
0.8143607928595318
0.8176568848965596
0.8210352096935781
0.8245797404611681
0.828181958229142
0.8318215660241116
0.8354761780811892
0.8391716103328408
0.842836068113975
0.8464872401103872
0.8501059152937688
0.8536592435880751
0.8571605836866243
0.8606214036957497
0.8639592312028683
0.8672407608086191
0.8704355749963272
0.8735562272799519
0.8765727470173346
0.8795303945451387
0.8823983328372718
0.8851788844084372
0.8878861416551636
0.890521193650153
0.8930887391161015
0.895558344201071
0.8979392693076863
0.9002953448169864
0.9025408372882446
0.9047341333138885
0.9068536036285787
0.9089308459277107
0.9109400768737759
0.9128796883982022
