0.9769921617127484
0.9769921617127484
0.9744185773174379
0.9716552621364868
0.9700880663106995
0.9697650236452703
0.9695949878841023
0.9694891124119697
0.9695227657894352
0.9696194723916629
0.9697726158904496
0.9700283346020945
0.9702762584622591
0.9706619981752773
0.971010117781678
0.9714299417099271
0.9718279020699401
0.9723018095421226
0.9727555061953999
0.9732266356873205
0.9737174234839746
0.9741972815473185
0.9746750393512914
0.9751215591579231
0.9756215617655688
0.9760694210293996
0.976548235702637
0.9769734087028656
0.9774318395153001
0.9778703132200965
0.9779584414102986
0.9777216969978968
0.9774812685482058
0.977226381230109
0.9769450411586451
0.9766639515627138
0.9763289511605688
0.9760251495401617
0.9756686721166624
0.9753306731382152
0.9749549463483851
0.9745850376988603
0.9741924056193789
0.9737918610432614
0.9733559926510102
0.9729131174968135
0.9724911711305486
0.9720351027129267
0.9715453982693018
