0.9769047184564263
0.9769047184564263
0.9744603528818948
0.97166971803927
0.9701137642529192
0.9698458912189367
0.9696836188986323
0.9695821342603914
0.9695875681072903
0.9696553200108424
0.9698228866549172
0.970093500207259
0.9703893195564183
0.9707202644509091
0.9710846355566463
0.971490725243071
0.9719353942884759
0.972426008256581
0.972868367063004
0.9733570528596843
0.9738655224003877
0.974336711277461
0.9748328496986528
0.9753294257528182
0.9758226011538697
0.9762892306479216
0.9767869722915061
0.9772313466365715
0.9776853601020602
0.9781500270523152
0.978590265410843
0.9789908878442107
0.979399298207294
0.9798224273859066
0.9800286653389181
0.9798386661503902
0.9796372360122585
0.9794251267223713
0.9792311586875333
0.9789995277443652
0.9787312130268963
0.9784825863032938
0.9782261120337759
0.9779200564412021
0.977649057626085
0.9773440803945768
0.9770329498237866
0.9767159546152554
0.9763933607899997
